10101011101110 7
10101110111010 0
11101110101010 3
11101011101010 5
10111010101110 2
10111010101110 2
11101011101010 5
11101110101010 3
10111010101110 2
10101011101110 7
10101110101110 4
10111010111010 9
10111010101110 2
11101011101010 5
11101110101010 3
10111010111010 9
11101011101010 5
11101010111010 8
10111011101010 6
11101010111010 8
10101110101110 4
10101110111010 0
10101110101110 4
10101110101110 4
11101110101010 3
10101011101110 7
11101010111010 8
10111010101110 2
11101011101010 5
11101011101010 5
10101110101110 4
11101010101110 1
11101011101010 5
10101110111010 0
11101011101010 5
10101110111010 0
11101010111010 8
11101110101010 3
11101010111010 8
10101110111010 0
11101010111010 8
10111010111010 9
11101011101010 5
11101110101010 3
11101010101110 1
11101110101010 3
10101011101110 7
10111010101110 2
10111010111010 9
10111010111010 9
10101011101110 7
10101110111010 0
10101110101110 4
11101011101010 5
11101010101110 1
10111011101010 6
11101110101010 3
11101010101110 1
10101011101110 7
11101011101010 5
11101010101110 1
11101010101110 1
10101110111010 0
11101110101010 3
10111010101110 2
10111010111010 9
11101010101110 1
11101010101110 1
10101011101110 7
11101010111010 8
10101110111010 0
11101010101110 1
10101011101110 7
11101010111010 8
10111010111010 9
10111010111010 9
10111010101110 2
11101010101110 1
10111011101010 6
10101110111010 0
10101110111010 0
10111010111010 9
11101110101010 3
10111011101010 6
11101010111010 8
10101110111010 0
10101110101110 4
10111011101010 6
10111010111010 9
11101011101010 5
11101010111010 8
11101010111010 8
11101011101010 5
11101110101010 3
10111011101010 6
10111010101110 2
10111010101110 2
10111010111010 9
10101110101110 4
11101010101110 1
10101110111010 0
11101010101110 1
10101110101110 4
11101010101110 1
10111010101110 2
10101011101110 7
10111010101110 2
10111010111010 9
10111010111010 9
11101010101110 1
10111011101010 6
10101110101110 4
10101110101110 4
10101110111010 0
11101011101010 5
11101110101010 3
10111010101110 2
10111011101010 6
11101010101110 1
10111010101110 2
10101110101110 4
10101110111010 0
11101010101110 1
10111010101110 2
11101110101010 3
10111010101110 2
11101010111010 8
11101010101110 1
10101110101110 4
10101011101110 7
11101010111010 8
10111011101010 6
10101110111010 0
10111011101010 6
11101010111010 8
10111010101110 2
10101011101110 7
10111010101110 2
10101011101110 7
10101011101110 7
11101010111010 8
10111010111010 9
10101011101110 7
10111010111010 9
11101010111010 8
11101010111010 8
10111011101010 6
11101010101110 1
10111010101110 2
10101011101110 7
11101010111010 8
11101110101010 3
10101110101110 4
10111010111010 9
10101110111010 0
11101010111010 8
11101110101010 3
11101011101010 5
10101011101110 7
10101110101110 4
11101011101010 5
10111011101010 6
11101110101010 3
10101011101110 7
10101110111010 0
10101110101110 4
10101110101110 4
10111010111010 9
10101110111010 0
11101110101010 3
10101110101110 4
10111011101010 6
10101110111010 0
10111010101110 2
11101010101110 1
10101110101110 4
11101010111010 8
10101110111010 0
10101110101110 4
10111011101010 6
11101011101010 5
11101010111010 8
10111010111010 9
10111010111010 9
11101011101010 5
10101110101110 4
10111011101010 6
10101110111010 0
11101110101010 3
10111010111010 9
10111010101110 2
10111010111010 9
10111010101110 2
10101110101110 4
10111010101110 2
11101011101010 5
10101110101110 4
11101110101010 3
11101010101110 1
11101010101110 1
10111010111010 9
11101010111010 8
11101110101010 3
10111011101010 6
11101010101110 1
10111010101110 2
10101110101110 4
10101011101110 7
10101110111010 0
10101110111010 0
11101110101010 3
10111011101010 6
10101110111010 0
10111011101010 6
11101011101010 5
10101110111010 0
11101010111010 8
11101011101010 5
10101011101110 7
10101011101110 7
10101011101110 7
11101010111010 8
11101010101110 1
10101110111010 0
10111010111010 9
10101110111010 0
10111010101110 2
11101010101110 1
10111011101010 6
10111011101010 6
11101110101010 3
11101010101110 1
10101110101110 4
11101110101010 3
10101110111010 0
10101110101110 4
11101010101110 1
10101110101110 4
10111011101010 6
10111010111010 9
11101110101010 3
11101011101010 5
11101010111010 8
10111010111010 9
10111011101010 6
10111010101110 2
10101110111010 0
10111011101010 6
10111010111010 9
10101110101110 4
10101011101110 7
10101011101110 7
11101110101010 3
10101110111010 0
10101011101110 7
11101010101110 1
10101110111010 0
10101110111010 0
10111011101010 6
10101110111010 0
11101110101010 3
10101011101110 7
10101110101110 4
10101011101110 7
10101110111010 0
11101010101110 1
11101010101110 1
10101110101110 4
10101110101110 4
11101110101010 3
10111011101010 6
11101010101110 1
11101110101010 3
10111010111010 9
11101010101110 1
10111011101010 6
10111010111010 9
10111010101110 2
10111011101010 6
11101010111010 8
10111011101010 6
10111010111010 9
11101011101010 5
11101110101010 3
10111010101110 2
10101110101110 4
10101110101110 4
11101011101010 5
10101110101110 4
10111010111010 9
10111010111010 9
11101011101010 5
10101110101110 4
10101110111010 0
11101010111010 8
11101010101110 1
10101110101110 4
11101010111010 8
10101110101110 4
10111011101010 6
10101110111010 0
10101110111010 0
10101110101110 4
10101011101110 7
10101110111010 0
10111010101110 2
10111011101010 6
10101110101110 4
10111010111010 9
10111011101010 6
11101110101010 3
10111011101010 6
11101011101010 5
11101110101010 3
10101110101110 4
10111011101010 6
11101010101110 1
11101010101110 1
10101110111010 0
10111011101010 6
10101011101110 7
10101110101110 4
11101110101010 3
10111010101110 2
10111010101110 2
10101011101110 7
11101010111010 8
10111010111010 9
11101010111010 8
11101010111010 8
10111010111010 9
10101110101110 4
11101110101010 3
11101010101110 1
10111011101010 6
10101110111010 0
10111011101010 6
10101110111010 0
10101110111010 0
11101010111010 8
10101110101110 4
11101110101010 3
11101011101010 5
10101110101110 4
10111010101110 2
11101010101110 1
11101110101010 3
11101010111010 8
11101110101010 3
10101011101110 7
10101110101110 4
10111011101010 6
11101010111010 8
10101110101110 4
11101110101010 3
10101110111010 0
10111010111010 9
11101010101110 1
10111011101010 6
10101110101110 4
10101110101110 4
10111011101010 6
11101010101110 1
10111011101010 6
10111010111010 9
10111011101010 6
10111010111010 9
11101110101010 3
10101110101110 4
11101110101010 3
10111010101110 2
11101010111010 8
10101110101110 4
11101010101110 1
11101010101110 1
10111010111010 9
10101110111010 0
11101010101110 1
11101010111010 8
11101010111010 8
11101110101010 3
10101011101110 7
10111011101010 6
10111010111010 9
10101011101110 7
10101011101110 7
11101110101010 3
10111010111010 9
10111010101110 2
10101011101110 7
11101011101010 5
10101110111010 0
10111010111010 9
11101010111010 8
11101110101010 3
11101010111010 8
10111011101010 6
10101110101110 4
10101110101110 4
11101010111010 8
10101011101110 7
11101010101110 1
10111010111010 9
11101011101010 5
10101110101110 4
10111010101110 2
10101011101110 7
11101011101010 5
11101010101110 1
10111011101010 6
10111010101110 2
11101010101110 1
11101110101010 3
11101110101010 3
11101010111010 8
10101110101110 4
11101011101010 5
10111010111010 9
11101010101110 1
10101011101110 7
11101010101110 1
10111011101010 6
10111010101110 2
10101110111010 0
11101010101110 1
11101010101110 1
11101010101110 1
10111011101010 6
10111010111010 9
10111010111010 9
11101011101010 5
11101110101010 3
11101110101010 3
10111010101110 2
11101010111010 8
10101110111010 0
11101110101010 3
10111010101110 2
10111010101110 2
10111010111010 9
10111010101110 2
10111010111010 9
10101110101110 4
10111010101110 2
10101110111010 0
11101011101010 5
10101110101110 4
11101011101010 5
11101011101010 5
10101110101110 4
10111010111010 9
10101110111010 0
11101010111010 8
10111011101010 6
11101010101110 1
11101011101010 5
11101110101010 3
10111010101110 2
11101010101110 1
11101011101010 5
10111010101110 2
11101110101010 3
10111011101010 6
10111010101110 2
10111010101110 2
11101011101010 5
11101010111010 8
10111011101010 6
10101110111010 0
10101110101110 4
11101010101110 1
10101110101110 4
10101110101110 4
10111010111010 9
10111011101010 6
11101010101110 1
11101010111010 8
11101010111010 8
11101110101010 3
11101010101110 1
11101010101110 1
11101010101110 1
10101011101110 7
10111010101110 2
10111011101010 6
10111010111010 9
10111010101110 2
10101110101110 4
10101110111010 0
11101110101010 3
10101110111010 0
10111010111010 9
10101110111010 0
10111011101010 6
11101011101010 5
10111010101110 2
11101010111010 8
10101011101110 7
11101010101110 1
11101010101110 1
