3598
6046
7618
5359
2735
1252
2450
511
4513
4453
7120
3239
4063
614
2800
1454
539
2488
1627
7111
5120
2428
5950
1394
3434
4570
764
2593
8962
6052
8470
8053
1249
8909
2507
1000
6910
6169
5182
746
4286
4070
7706
8356
2654
8887
1339
1540
7870
5449
842
3131
6758
1306
2677
4870
2069
3656
7421
2599
8108
4391
829
6398
5603
2206
1000
233
8258
3214
6826
5701
3112
7733
8890
3500
2797
6931
7016
3643
1109
6310
8341
4039
2425
3341
1865
5501
7165
5444
2855
2153
3809
6091
2363
2417
926
2533
107
2231
1526
3395
4649
3347
3319
4534
8750
7744
2401
4463
5884
2003
6649
8645
728
5498
7745
8813
7273
8939
5882
5518
805
131
8353
3499
86
1492
7214
6956
7727
4256
6655
4175
2797
8518
7727
4727
2062
7628
3230
8842
8767
6824
3560
3683
8779
5938
1646
3961
1612
637
6209
383
2957
3650
8600
4438
7274
8474
2728
3625
1960
8476
5113
2369
1322
2024
8657
3422
5023
5402
2023
679
4703
3020
7903
7136
1252
8824
1876
6820
4067
2930
3893
3290
7396
1555
2188
2239
5023
8260
4858
889
1274
6953
4705
953
2581
118
1246
6259
643
2867
8146
7690
2123
5768
2899
8369
7022
895
2852
8720
4363
4267
5155
4360
6692
8740
2668
1565
1832
6344
3154
7615
5395
4672
2699
3745
3772
3310
4445
6472
2729
2258
7141
2534
8024
4261
1903
8398
4825
3232
2300
1423
7544
6943
5600
5351
1921
1031
3634
1082
518
6371
7844
3103
520
4255
4819
8792
3730
6620
6862
1987
3217
3283
7775
5761
3715
6895
4964
377
5857
4199
7030
2996
5761
8954
5252
5363
5935
6476
1952
2645
76
8158
6425
1562
6313
8510
8431
4745
3323
3035
5674
7166
6262
4889
6659
1201
4067
5182
3070
3763
673
6118
857
5708
673
2095
3743
800
7513
2629
7888
2752
5923
7816
5557
475
7976
4753
5038
3230
2993
1532
5978
8117
845
1627
5141
944
3037
3226
2233
145
7439
202
4154
7322
3340
8740
205
5131
7885
433
2354
1322
7028
3538
5357
44
8647
8402
2306
2528
973
4480
560
5702
1465
5087
1477
5095
3245
4622
5237
8824
212
7915
4588
4252
7757
1094
8291
6491
4691
8782
5266
1885
4225
2192
8360
4330
635
1405
8260
8032
8299
4337
4139
6485
4138
4486
5218
1208
956
5053
3110
977
3995
3250
3520
719
2033
2131
5444
8810
7850
6241
2549
2455
4936
1793
3214
5539
7754
8050
5539
1433
2096
6799
3811
5125
3311
8525
8776
5641
2834
3826
1412
8071
4379
7835
1009
1874
8132
3184
6154
6838
5168
6932
8663
3434
3425
760
2476
6050
6413
2854
4643
1213
5116
901
5765
6179
7628
7249
6991
6782
5266
8840
7540
3481
2123
3985
568
3776
5165
4118
6997
8809
3733
4306
3917
7150
5296
1405
5888
2276
3578
22
4651
3872
4591
7367
3671
4169
754
770
1472
940
1319
1819
8422
2149
820
1331
1906
5065
1718
2998
8330
713
3586
5032
2617
116
3151
4360
2390
1505
3488
895
143
2576
7616
7522
2006
3710
1642
4810
8029
247
7157
5483
8861
3254
7496
7805
8444
65
1043
8248
3184
289
3035
302
5416
7313
2870
5672
4957
4910
7486
3964
7525
790
7708
1204
2120
6260
3359
7640
3949
1523
3986
4844
3983
1709
3362
6847
2704
6980
1603
541
581
8102
3914
83
2182
2894
8729
4090
5744
6302
5059
6905
5335
6634
2029
1649
6890
3388
2896
4897
5632
5587
5035
5432
1792
3844
1676
1319
277
2377
2917
1676
1424
8378
559
4381
3500
4969
7522
8188
2122
2920
4021
7976
4918
4882
5093
227
1804
2966
6638
6667
8315
8663
1178
2359
2539
1973
1490
4024
5261
353
1858
4358
4505
7298
2632
2554
1747
353
4094
659
1525
6490
5834
2801
5798
5387
4691
3161
4495
3536
5842
1133
706
1139
2990
35
5807
1877
5704
2339
3496
5014
5561
4849
1417
3080
7928
7642
3811
8594
7385
7133
3592
712
4732
1616
8779
1196
7517
689
1729
2366
8369
3970
2581
1504
842
71
7510
8951
6116
251
5294
7634
4280
1415
1784
314
1153
4673
6544
5875
1268
7516
6422
1231
4754
4376
325
7739
8189
4225
2551
6869
2501
4582
50
3454
8939
8750
2630
8387
8749
1697
6245
3313
3872
5287
8513
6503
4858
1439
3544
284
8272
2567
3344
7834
5317
3983
232
506
883
7406
6088
5401
6725
323
1673
5165
5456
253
688
2233
5507
2420
5453
1921
6091
1214
3254
4874
5110
6766
5654
5416
6481
821
3614
7640
7592
6172
4970
2399
86
3964
7450
2272
4472
1301
1006
1087
7241
5149
1000
6203
515
3839
5459
3790
499
1525
8191
6314
4060
470
6869
3494
1780
2716
2266
6679
3080
7459
1936
2626
1936
2185
8233
4036
8168
6601
1712
3362
7684
6092
4742
7811
1160
2657
1408
5344
2440
5314
7655
1663
3965
2338
3896
6041
8666
6271
3817
8587
8392
5903
3541
5518
8672
925
8531
832
4831
3166
4528
7249
8459
148
6307
2159
8918
2903
4658
1387
7402
3172
1975
8879
523
2861
5341
2875
548
172
7763
8231
1694
2357
3683
5606
3934
367
4487
5780
6980
5360
545
1649
305
4336
6094
6895
2146
499
3644
2696
1321
2158
4837
5290
3610
5117
3784
7789
6067
5029
2128
142
262
2546
6965
3769
3407
8275
527
3598
359
7432
1565
1981
860
4055
2786
1544
8626
8447
6401
8464
5282
7606
1811
4135
7255
4351
2446
5726
4072
1766
4961
5708
236
7465
6617
1496
2854
7415
3359
8350
89
1876
6697
2639
589
1441
1084
2960
3620
2140
773
2213
1501
3032
2899
5545
4558
4735
3197
4532
8965
1084
2671
2117
5614
3974
1856
6460
5203
6844
610
2533
3269
6301
8261
5135
8248
1328
4871
103
7556
5275
8992
4093
2329
3019
793
688
2876
1667
64
1747
8770
4531
4685
110
3437
7532
5641
8825
5041
163
